name: nnsight
channels:
  - conda-forge
dependencies:
  - appnope=0.1.4=pyhd8ed1ab_0
  - asttokens=2.4.1=pyhd8ed1ab_0
  - bzip2=1.0.8=h93a5062_5
  - ca-certificates=2024.2.2=hf0a4a13_0
  - comm=0.2.2=pyhd8ed1ab_0
  - debugpy=1.8.1=py312h20a0b95_0
  - decorator=5.1.1=pyhd8ed1ab_0
  - exceptiongroup=1.2.0=pyhd8ed1ab_2
  - executing=2.0.1=pyhd8ed1ab_0
  - importlib-metadata=7.1.0=pyha770c72_0
  - importlib_metadata=7.1.0=hd8ed1ab_0
  - ipykernel=6.29.3=pyh3cd1d5f_0
  - ipython=8.22.2=pyh707e725_0
  - jedi=0.19.1=pyhd8ed1ab_0
  - jupyter_client=8.6.1=pyhd8ed1ab_0
  - jupyter_core=5.7.2=py312h81bd7bf_0
  - krb5=1.21.2=h92f50d5_0
  - libcxx=16.0.6=h4653b0c_0
  - libedit=3.1.20191231=hc8eb9b7_2
  - libexpat=2.6.2=hebf3989_0
  - libffi=3.4.2=h3422bc3_5
  - libsodium=1.0.18=h27ca646_1
  - libsqlite=3.45.3=h091b4b1_0
  - libzlib=1.2.13=h53f4e23_5
  - matplotlib-inline=0.1.7=pyhd8ed1ab_0
  - ncurses=6.4.20240210=h078ce10_0
  - nest-asyncio=1.6.0=pyhd8ed1ab_0
  - openssl=3.3.0=h0d3ecfb_0
  - packaging=24.0=pyhd8ed1ab_0
  - parso=0.8.4=pyhd8ed1ab_0
  - pexpect=4.9.0=pyhd8ed1ab_0
  - pickleshare=0.7.5=py_1003
  - pip=24.0=pyhd8ed1ab_0
  - platformdirs=4.2.1=pyhd8ed1ab_0
  - prompt-toolkit=3.0.42=pyha770c72_0
  - psutil=5.9.8=py312he37b823_0
  - ptyprocess=0.7.0=pyhd3deb0d_0
  - pure_eval=0.2.2=pyhd8ed1ab_0
  - pygments=2.17.2=pyhd8ed1ab_0
  - python=3.12.3=h4a7b5fc_0_cpython
  - python-dateutil=2.9.0=pyhd8ed1ab_0
  - python_abi=3.12=4_cp312
  - pyzmq=26.0.2=py312h99b2490_0
  - readline=8.2=h92ec313_1
  - setuptools=69.5.1=pyhd8ed1ab_0
  - six=1.16.0=pyh6c4a22f_0
  - stack_data=0.6.2=pyhd8ed1ab_0
  - tk=8.6.13=h5083fa2_1
  - tornado=6.4=py312he37b823_0
  - traitlets=5.14.3=pyhd8ed1ab_0
  - typing_extensions=4.11.0=pyha770c72_0
  - wcwidth=0.2.13=pyhd8ed1ab_0
  - wheel=0.43.0=pyhd8ed1ab_1
  - xz=5.2.6=h57fd34a_0
  - zeromq=4.3.5=h5119023_3
  - pip:
      - accelerate==0.30.0
      - aiohttp==3.9.5
      - aiosignal==1.3.1
      - annotated-types==0.6.0
      - attrs==23.2.0
      - bidict==0.23.1
      - certifi==2024.2.2
      - charset-normalizer==3.3.2
      - circuitsvis==1.43.2
      - click==8.1.7
      - contourpy==1.2.1
      - cycler==0.12.1
      - datasets==2.19.1
      - diffusers==0.27.2
      - dill==0.3.8
      - docker-pycreds==0.4.0
      - einops==0.8.0
      - filelock==3.14.0
      - fonttools==4.51.0
      - frozenlist==1.4.1
      - fsspec==2024.3.1
      - gitdb==4.0.11
      - gitpython==3.1.43
      - h11==0.14.0
      - huggingface-hub==0.23.0
      - idna==3.7
      - jinja2==3.1.3
      - kiwisolver==1.4.5
      - markupsafe==2.1.5
      - matplotlib==3.8.4
      - mpmath==1.3.0
      - multidict==6.0.5
      - multiprocess==0.70.16
      - networkx==3.3
      - nnsight==0.2.14
      - numpy==1.26.4
      - pandas==2.2.2
      - pillow==10.3.0
      - plotly==5.22.0
      - protobuf==4.25.3
      - pyarrow==16.0.0
      - pyarrow-hotfix==0.6
      - pydantic==2.7.1
      - pydantic-core==2.18.2
      - pyparsing==3.1.2
      - python-engineio==4.9.0
      - python-graphviz==0.20.3
      - python-socketio==5.11.2
      - pytz==2024.1
      - pyyaml==6.0.1
      - regex==2024.4.28
      - requests==2.31.0
      - safetensors==0.4.3
      - sentencepiece==0.2.0
      - sentry-sdk==2.1.1
      - setproctitle==1.3.3
      - simple-websocket==1.0.0
      - smmap==5.0.1
      - sympy==1.12
      - tenacity==8.3.0
      - tokenizers==0.19.1
      - torch==2.3.0
      - torchtyping==0.1.4
      - torchvision==0.18.0
      - tqdm==4.66.4
      - transformers==4.40.1
      - typeguard==4.2.1
      - tzdata==2024.1
      - umap==0.1.1
      - urllib3==2.2.1
      - wandb==0.17.0
      - websocket-client==1.8.0
      - wsproto==1.2.0
      - xxhash==3.4.1
      - yarl==1.9.4
      - zipp==3.18.1
      - zstandard==0.22.0
prefix: /Users/maheepchaudhary/miniforge3/envs/nnsight
